Interrupt;t
1;305816
2;620020
3;1175236
4;1536084
5;2090568
6;2450580
7;3005416
8;3362604
9;3919872
10;4280524
11;4835816
12;5195468
13;5753096
14;6092452
15;6665592
16;7023468
17;7580612
18;7939376
19;8508396
20;8854384
21;9412840
22;9769392
23;10326784
24;10682912
25;11241256
26;11596788
27;12156976
28;12513848
29;13072936
30;13428592
31;13989152
32;14342272
33;14902156
34;15257012
35;15817556
36;16172840
37;16733992
38;17087108
39;17649228
40;18002084
41;18563100
42;18915548
43;19478440
44;19830792
45;20393936
46;20747172
47;21309868
48;21661308
49;22224592
50;22573876
51;23138384
52;23490096
53;24054200
54;24405872
55;24971536
56;25320008
57;25885196
58;26234336
59;26799036
60;27148464
61;27714484
62;28063904
63;28630820
64;28979496
65;29545804
66;29893296
67;30460404
68;30805848
69;31374672
70;31722956
71;32290672
72;32638240
73;33207412
74;33551704
75;34121092
76;34466236
77;35034916
78;35380868
79;35951320
80;36296008
81;36867240
82;37210984
83;37781576
84;38124712
85;38695944
86;39037604
87;39611108
88;39954440
89;40526752
90;40869340
91;41442596
92;41782540
93;42356632
94;42696832
95;43270832
96;43612392
97;44186700
98;44527628
99;45102368
100;45441572
101;46017036
102;46355288
103;46931340
104;47270164
105;47846812
106;48185696
107;48762548
108;49100208
109;49677372
110;50013900
111;50591668
112;50928400
113;51506884
114;51843672
115;52423196
116;52758292
117;53338220
118;53672208
119;54252412
120;54586884
121;55167556
122;55501724
123;56083732
124;56416512
125;56998544
126;57330480
127;57912972
128;58244900
129;58827568
130;59159888
131;59743384
132;60074828
133;60659204
134;60988836
135;61573656
136;61902812
137;62488196
138;62817420
139;63403304
140;63732640
141;64319176
142;64647252
143;65234024
144;65560972
145;66148268
146;66475392
147;67063040
148;67390680
149;67978864
150;68305632
151;68894036
152;69219280
153;69808416
154;70133240
155;70723072
156;71048276
157;71638720
158;71963352
159;72554268
160;72877432
161;73468764
162;73791060
163;74383200
164;74705744
165;75298368
166;75621068
167;76214256
168;76535600
169;77128968
170;77449176
171;78043352
172;78363408
173;78958020
174;79278664
175;79873840
176;80193668
177;80789348
178;81107176
179;81703660
180;82020896
181;82617984
182;82936008
183;83533608
184;83851224
185;84449304
186;84765240
187;85363904
188;85678872
189;86277992
190;86593456
191;87193024
192;87508716
193;88108968
194;88423348
195;89024256
196;89336768
197;89938224
198;90250744
199;90853120
200;91165860
201;91768840
202;92080660
203;92684604
204;92994664
205;93599376
206;93908224
207;94513232
208;94822748
209;95428352
210;95738220
211;96344196
212;96652652
213;97259348
214;97566076
215;98173316
216;98480052
217;99087932
218;99395484
219;100003936
220;100310460
221;100919444
222;101223908
223;101833408
224;102137468
225;102747644
226;103052556
227;103663284
228;103967800
229;104579096
230;104881808
231;105493592
232;105795200
233;106407652
234;106709572
235;107322648
236;107624976
237;108238672
238;108539620
239;109153740
240;109452912
241;110067704
242;110366648
243;110982364
244;111281948
245;111898096
246;112196924
247;112813648
248;113110712
249;113727872
250;114024216
251;114642248
252;114938932
253;115557396
254;115854236
255;116473344
256;116768680
257;117388112
258;117681872
259;118302292
260;118595940
261;119216836
262;119511388
263;120132988
264;120426144
265;121048468
266;121339404
267;121962896
268;122252980
269;122877988
270;123167240
271;123793632
272;124081804
273;124708672
274;124996728
275;125623452
276;125910684
277;126537728
278;126824916
279;127452744
280;127739716
281;128368444
282;128654352
283;129283828
284;129567944
285;130198128
286;130481640
287;131112576
288;131396636
289;132027664
290;132311420
291;132943456
292;133225560
293;133858180
294;134138888
295;134772444
296;135053420
297;135687228
298;135968452
299;136603060
300;136882864
301;137518372
302;137796332
303;138432472
304;138710252
305;139347072
306;139625252
307;140262644
308;140540040
309;141178296
310;141453860
311;142092732
312;142367212
313;143007112
314;143282096
315;143922304
316;144197004
317;144838104
318;145111424
319;145753184
320;146024404
321;146667168
322;146938540
323;147581796
324;147853876
325;148497552
326;148768496
327;149413332
328;149681980
329;150327380
330;150595420
331;151241692
332;151510464
333;152156880
334;152425396
335;153073040
336;153339460
337;153987708
338;154252464
339;154901840
340;155166840
341;155816492
342;156082212
343;156732548
344;156996644
345;157647896
346;157909968
347;158562020
348;158823548
349;159476320
350;159738796
351;160391824
352;160653628
353;161307696
354;161567508
355;162222308
356;162480608
357;163136448
358;163395244
359;164051252
360;164310468
361;164967340
362;165224744
363;165882704
364;166137764
365;166796648
366;167051652
367;167711180
368;167967112
369;168626948
370;168881752
371;169542848
372;169795064
373;170457248
374;170708660
375;171371616
376;171623464
377;172286904
378;172538160
379;173202716
380;173452180
381;174117596
382;174365476
383;175031800
384;175279652
385;175946828
386;176194568
387;176862248
388;177108860
389;177777720
390;178021988
391;178692352
392;178935732
393;179606948
394;179850592
395;180522268
396;180762872
397;181440240
398;181673840
399;182354896
400;182590480
401;183267676
402;183504320
403;184182716
404;184418448
405;185099120
406;185333188
407;186014652
408;186246900
409;186928312
410;187160976
411;187842636
412;188075272
413;188758276
414;188990248
415;189674372
416;189903928
417;190589136
418;190816752
419;191310680
420;191503216
421;191731112
422;192417984
423;192646292
424;193334184
425;193560664
426;194249812
427;194473252
428;195164048
429;195386660
430;196081112
431;196299580
432;196998336
433;197213568
434;197911156
435;198128188
436;198825944
437;199042232
438;199739752
439;199957156
440;200655120
441;200871692
442;201570384
443;201785252
444;202484920
445;202698868
446;203399916
447;203613396
448;204315236
449;204527528
450;205230936
451;205440828
452;206145876
453;206354684
454;207060312
455;207268984
456;207975236
457;208183536
458;208891208
459;209097360
460;209806444
461;210010548
462;210720920
463;210924336
464;211635496
465;211839028
466;212551092
467;212753360
468;213466824
469;213666660
470;214381576
471;214580420
472;215296076
473;215494800
474;216211448
475;216408916
476;217128420
477;217320792
478;218047852
479;218230144
480;218959444
481;219146876
482;219147696
483;219875672
484;220058976
485;220795324
486;220972812
487;221706508
488;221887660
489;222620188
490;222801620
491;223535936
492;223715576
493;224451816
494;224629388
495;225366932
496;225542692
497;226282020
498;226456420
499;227196244
500;227370564
501;228111752
502;228284908
503;229027400
504;229197948
505;229942120
506;230111652
507;230855700
508;231026420
509;231770156
510;231941400
511;232686604
512;232854912
513;233602360
514;233767556
515;234516704
516;234681396
517;235431120
518;235596548
519;236346528
520;236510388
521;237263236
522;237423204
523;238178360
524;238336172
525;239092084
526;239250552
527;240007280
528;240165176
529;240165924
530;240924140
531;241078316
532;241839704
533;241990624
534;241991328
535;242753724
536;242905128
537;242905828
538;243668684
539;243819444
540;244584356
541;244733172
542;245501156
543;245645376
544;245646364
545;246415356
546;246558968
547;247329256
548;247473872
549;248245248
550;248245888
551;248387920
552;248388944
553;249161872
554;249300900
555;250077276
556;250213272
557;250991832
558;251127156
559;251910152
560;252039728
