Total time,0,07,35.55
1, 0,00,01.94, 0,00,01.94
2, 0,00,02.23, 0,00,04.18
3, 0,00,02.18, 0,00,06.36
4, 0,00,01.87, 0,00,08.23
5, 0,00,02.19, 0,00,10.43
6, 0,00,02.03, 0,00,12.46
7, 0,00,02.13, 0,00,14.60
8, 0,00,02.03, 0,00,16.64
9, 0,00,02.09, 0,00,18.73
10, 0,00,02.01, 0,00,20.74
11, 0,00,02.07, 0,00,22.82
12, 0,00,02.12, 0,00,24.95
13, 0,00,02.10, 0,00,27.05
14, 0,00,02.04, 0,00,29.10
15, 0,00,02.15, 0,00,31.26
16, 0,00,02.10, 0,00,33.36
17, 0,00,01.92, 0,00,35.29
18, 0,00,01.95, 0,00,37.25
19, 0,00,02.33, 0,00,39.58
20, 0,00,01.98, 0,00,41.56
21, 0,00,02.17, 0,00,43.74
22, 0,00,02.12, 0,00,45.86
23, 0,00,01.97, 0,00,47.83
24, 0,00,02.11, 0,00,49.95
25, 0,00,02.06, 0,00,52.01
26, 0,00,02.20, 0,00,54.21
27, 0,00,01.93, 0,00,56.15
28, 0,00,02.09, 0,00,58.25
29, 0,00,02.13, 0,01,00.38
30, 0,00,02.10, 0,01,02.48
31, 0,00,01.90, 0,01,04.39
32, 0,00,02.20, 0,01,06.60
33, 0,00,02.00, 0,01,08.60
34, 0,00,02.06, 0,01,10.67
35, 0,00,02.05, 0,01,12.72
36, 0,00,02.01, 0,01,14.74
37, 0,00,02.01, 0,01,16.76
38, 0,00,02.28, 0,01,19.04
39, 0,00,02.16, 0,01,21.21
40, 0,00,02.04, 0,01,23.25
41, 0,00,02.04, 0,01,25.30
42, 0,00,02.09, 0,01,27.39
43, 0,00,01.82, 0,01,29.22
44, 0,00,02.21, 0,01,31.43
45, 0,00,02.20, 0,01,33.64
46, 0,00,01.99, 0,01,35.63
47, 0,00,02.01, 0,01,37.65
48, 0,00,02.10, 0,01,39.75
49, 0,00,01.95, 0,01,41.71
50, 0,00,02.03, 0,01,43.75
51, 0,00,02.14, 0,01,45.89
52, 0,00,02.00, 0,01,47.89
53, 0,00,02.11, 0,01,50.01
54, 0,00,02.07, 0,01,52.08
55, 0,00,02.03, 0,01,54.11
56, 0,00,02.02, 0,01,56.13
57, 0,00,02.05, 0,01,58.19
58, 0,00,02.25, 0,02,00.44
59, 0,00,02.00, 0,02,02.44
60, 0,00,02.03, 0,02,04.48
61, 0,00,02.06, 0,02,06.54
62, 0,00,02.12, 0,02,08.66
63, 0,00,02.03, 0,02,10.69
64, 0,00,01.87, 0,02,12.56
65, 0,00,02.20, 0,02,14.76
66, 0,00,02.05, 0,02,16.82
67, 0,00,02.10, 0,02,18.92
68, 0,00,02.02, 0,02,20.94
69, 0,00,02.13, 0,02,23.08
70, 0,00,02.08, 0,02,25.16
71, 0,00,02.07, 0,02,27.24
72, 0,00,02.02, 0,02,29.27
73, 0,00,02.13, 0,02,31.40
74, 0,00,01.97, 0,02,33.37
75, 0,00,02.08, 0,02,35.46
76, 0,00,02.00, 0,02,37.46
77, 0,00,02.13, 0,02,39.60
78, 0,00,02.06, 0,02,41.66
79, 0,00,02.15, 0,02,43.82
80, 0,00,01.98, 0,02,45.80
81, 0,00,02.06, 0,02,47.87
82, 0,00,02.20, 0,02,50.07
83, 0,00,01.99, 0,02,52.06
84, 0,00,02.09, 0,02,54.16
85, 0,00,02.01, 0,02,56.17
86, 0,00,02.13, 0,02,58.31
87, 0,00,01.94, 0,03,00.26
88, 0,00,02.03, 0,03,02.29
89, 0,00,02.02, 0,03,04.31
90, 0,00,02.16, 0,03,06.48
91, 0,00,02.06, 0,03,08.54
92, 0,00,02.07, 0,03,10.61
93, 0,00,02.09, 0,03,12.70
94, 0,00,02.02, 0,03,14.73
95, 0,00,02.07, 0,03,16.80
96, 0,00,02.05, 0,03,18.86
97, 0,00,02.19, 0,03,21.05
98, 0,00,01.92, 0,03,22.98
99, 0,00,01.82, 0,03,24.81
100, 0,00,02.22, 0,03,27.04
101, 0,00,02.06, 0,03,29.10
102, 0,00,02.06, 0,03,31.16
103, 0,00,02.11, 0,03,33.28
104, 0,00,02.00, 0,03,35.29
105, 0,00,02.00, 0,03,37.29
106, 0,00,02.13, 0,03,39.43
107, 0,00,02.08, 0,03,41.51
108, 0,00,01.92, 0,03,43.44
109, 0,00,02.21, 0,03,45.65
110, 0,00,02.00, 0,03,47.65
111, 0,00,02.12, 0,03,49.78
112, 0,00,01.97, 0,03,51.75
113, 0,00,01.96, 0,03,53.71
114, 0,00,02.23, 0,03,55.95
115, 0,00,02.11, 0,03,58.06
116, 0,00,01.91, 0,03,59.97
117, 0,00,02.26, 0,04,02.24
118, 0,00,01.97, 0,04,04.21
119, 0,00,02.04, 0,04,06.26
120, 0,00,01.98, 0,04,08.24
121, 0,00,02.13, 0,04,10.38
122, 0,00,02.02, 0,04,12.41
123, 0,00,02.04, 0,04,14.46
124, 0,00,02.02, 0,04,16.48
125, 0,00,02.11, 0,04,18.59
126, 0,00,02.00, 0,04,20.59
127, 0,00,02.14, 0,04,22.74
128, 0,00,02.01, 0,04,24.76
129, 0,00,02.10, 0,04,26.86
130, 0,00,02.10, 0,04,28.96
131, 0,00,01.92, 0,04,30.89
132, 0,00,02.14, 0,04,33.04
133, 0,00,02.05, 0,04,35.09
134, 0,00,01.96, 0,04,37.06
135, 0,00,02.19, 0,04,39.25
136, 0,00,01.88, 0,04,41.13
137, 0,00,02.08, 0,04,43.21
138, 0,00,02.18, 0,04,45.39
139, 0,00,02.02, 0,04,47.42
140, 0,00,01.94, 0,04,49.36
141, 0,00,02.08, 0,04,51.44
142, 0,00,02.06, 0,04,53.51
143, 0,00,02.05, 0,04,55.56
144, 0,00,02.04, 0,04,57.60
145, 0,00,02.00, 0,04,59.61
146, 0,00,02.27, 0,05,01.88
147, 0,00,01.99, 0,05,03.87
148, 0,00,02.64, 0,05,06.52
149, 0,00,01.46, 0,05,07.98
150, 0,00,02.01, 0,05,09.99
151, 0,00,02.16, 0,05,12.16
152, 0,00,01.96, 0,05,14.12
153, 0,00,02.12, 0,05,16.24
154, 0,00,01.95, 0,05,18.20
155, 0,00,02.24, 0,05,20.44
156, 0,00,01.99, 0,05,22.44
157, 0,00,01.86, 0,05,24.30
158, 0,00,02.32, 0,05,26.63
159, 0,00,01.95, 0,05,28.58
160, 0,00,02.07, 0,05,30.65
161, 0,00,02.03, 0,05,32.69
162, 0,00,02.03, 0,05,34.73
163, 0,00,02.00, 0,05,36.73
164, 0,00,01.94, 0,05,38.68
165, 0,00,02.21, 0,05,40.90
166, 0,00,02.06, 0,05,42.96
167, 0,00,02.00, 0,05,44.96
168, 0,00,01.99, 0,05,46.96
169, 0,00,02.10, 0,05,49.07
170, 0,00,02.06, 0,05,51.13
171, 0,00,02.07, 0,05,53.21
172, 0,00,02.15, 0,05,55.36
173, 0,00,01.85, 0,05,57.21
174, 0,00,02.04, 0,05,59.26
175, 0,00,02.25, 0,06,01.52
176, 0,00,01.97, 0,06,03.49
177, 0,00,02.11, 0,06,05.61
178, 0,00,02.00, 0,06,07.62
179, 0,00,02.27, 0,06,09.89
180, 0,00,01.89, 0,06,11.79
181, 0,00,01.95, 0,06,13.74
182, 0,00,02.15, 0,06,15.90
183, 0,00,02.03, 0,06,17.94
184, 0,00,02.04, 0,06,19.98
185, 0,00,02.05, 0,06,22.04
186, 0,00,01.97, 0,06,24.01
187, 0,00,02.02, 0,06,26.03
188, 0,00,02.10, 0,06,28.14
189, 0,00,02.01, 0,06,30.15
190, 0,00,02.19, 0,06,32.34
191, 0,00,02.08, 0,06,34.42
192, 0,00,01.98, 0,06,36.40
193, 0,00,02.06, 0,06,38.47
194, 0,00,02.06, 0,06,40.54
195, 0,00,02.06, 0,06,42.61
196, 0,00,02.01, 0,06,44.62
197, 0,00,02.07, 0,06,46.69
198, 0,00,01.91, 0,06,48.61
199, 0,00,02.23, 0,06,50.84
200, 0,00,01.89, 0,06,52.73
201, 0,00,02.16, 0,06,54.90
202, 0,00,01.95, 0,06,56.86
203, 0,00,02.08, 0,06,58.94
204, 0,00,02.07, 0,07,01.02
205, 0,00,01.99, 0,07,03.01
206, 0,00,02.14, 0,07,05.16
207, 0,00,02.08, 0,07,07.24
208, 0,00,02.03, 0,07,09.27
209, 0,00,02.06, 0,07,11.33
210, 0,00,01.94, 0,07,13.27
211, 0,00,02.10, 0,07,15.38
212, 0,00,01.93, 0,07,17.31
213, 0,00,02.18, 0,07,19.49
214, 0,00,02.06, 0,07,21.56
215, 0,00,02.09, 0,07,23.66
216, 0,00,02.00, 0,07,25.66
217, 0,00,02.04, 0,07,27.71
218, 0,00,02.04, 0,07,29.76
219, 0,00,02.02, 0,07,31.78
220, 0,00,01.96, 0,07,33.75
